14
14
14
14
14
128
128
139
249
272
4
249
241
241
241
241
45
139
45
148
128
139
167
128
148
216
347
131
229
229
293
293
178
210
186
216
177
353
45
353
514
45
514
45
514
514
514
347
0
0
163
186
210
360
368
229
229
229
245
251
245
410
405
407
405
405
360
390
2
513
388
388
347
347
388
263
263
368
380
245
251
353
347
347
57
84
100
57
39
126
39
426
511
511
428
426
51
409
183
173
173
511
511
511
100
46
46
168
173
511
511
511
183
511
511
511
511
511
168
168
511
168
511
183
183
426
183
183
183
229
173
229
258
258
393
183
511
511
511
183
183
183
511
42
448
448
443
443
42
39
439
439
31
42
42
421
51
210
414
511
251
414
426
346
251
251
249
208
214
214
183
346
352
511
414
511
511
511
210
178
208
511
46
381
511
183
174
168
511
346
167
156
153
153
140
140
511
511
511
346
511
289
263
263
290
409
396
396
361
352
289
289
244
244
240
240
249
244
244
244
240
240
240
100
138
167
156
129
128
153
140
140
138
138
129
39
39
129
128
114
128
64
511
84
84
84
32
511
511
511
32
31
511
511
511
511
511
511
511
511
511
511
511
511
511
511
511
511
511
511
511
511
511
511
511
511
511
511
511
511
510
510
510
510
510
510
510
510
510
510
510
510
510
510
510
510
510
510
510
510
510
510
45
510
510
510
510
510
510
510
510
510
510
510
510
510
510
510
510
510
510
510
512
510
509
510
510
510
510
510
510
510
510
510
510
510
510
510
510
510
510
510
510
510
510
510
510
510
510
510
510
510
510
510
510
510
510
510
510
510
510
510
510
510
510
510
347
510
510
510
510
510
510
510
510
510
510
510
510
510
510
510
510
510
510
510
510
510
510
510
510
510
510
510
510
510
510
510
510
510
510
510
510
510
510
510
510
510
510
510
510
510
510
445
445
101
444
445
31
510
510
510
510
510
510
510
510
510
510
510
510
510
510
510
510
510
510
510
510
510
510
510
510
510
510
510
510
510
510
510
510
510
510
510
510
510
510
510
510
510
510
510
510
510
510
510
510
510
510
510
510
510
510
510
510
510
510
510
510
510
510
510
510
510
510
510
510
510
510
510
510
510
510
510
510
510
510
510
510
510
510
510
510
510
510
510
510
510
510
510
510
510
510
510
510
510
510
510
510
510
510
510
510
510
510
510
51
510
510
510
510
510
510
509
510
509
509
509
510
509
509
509
509
509
509
509
509
509
509
511
509
509
509
509
509
509
509
509
509
509
509
509
509
509
509
509
509
509
509
509
509
509
509
509
509
509
509
509
509
509
509
509
509
509
509
509
509
509
509
509
509
509
509
509
509
509
509
450
450
450
450
450
450
450
450
450
450
450
450
450
450
450
450
450
450
450
450
450
450
450
450
450
450
450
450
450
450
450
450
450
450
450
450
450
450
450
450
450
450
450
450
450
450
450
450
450
450
450
450
450
450
450
450
450
450
450
450
450
450
450
450
450
450
450
450
450
450
450
450
450
450
450
450
450
450
450
450
450
450
450
450
450
450
450
450
450
450
450
450
450
450
450
450
450
450
450
450
450
450
450
450
450
450
450
450
450
450
450
450
450
450
450
450
450
450
450
450
450
450
450
450
450
450
450
450
450
450
450
450
450
450
450
450
450
450
450
450
450
450
450
450
450
450
450
450
450
450
450
450
450
450
450
450
450
450
450
450
450
450
450
450
450
450
450
450
2
91
82
38
154
120
91
65
57
38
245
245
168
154
148
139
0
131
129
148
113
131
131
129
131
120
120
86
425
113
113
64
60
59
64
32
59
59
59
120
421
421
393
393
393
393
393
393
4
0
32
240
4
100
100
393
393
425
396
46
425
425
425
425
425
425
425
425
425
425
425
425
425
425
425
425
425
425
425
425
425
425
425
425
425
425
425
425
425
425
425
425
425
425
425
425
425
425
425
425
425
425
425
425
425
425
44
14
101
14
60
0
127
113
125
125
125
125
125
125
125
125
125
125
125
125
125
125
125
125
125
125
125
125
125
125
125
125
125
125
125
125
125
125
125
125
125
125
125
125
125
125
125
125
125
125
125
125
125
125
125
125
114
114
62
124
124
124
124
124
124
124
124
124
124
124
100
124
124
124
124
124
124
124
124
124
124
124
124
124
124
124
124
124
124
124
124
57
62
62
122
122
122
121
121
121
31
57
120
120
120
120
120
119
119
119
119
119
119
119
119
31
31
119
119
119
119
119
119
119
119
119
119
119
119
119
119
119
119
119
119
119
119
119
119
119
119
119
62
116
116
116
116
116
116
116
116
116
116
116
115
115
115
115
115
115
115
115
115
115
115
115
115
115
115
115
115
115
115
115
115
115
115
115
86
88
115
115
115
115
115
115
115
115
115
115
115
115
115
115
115
115
60
14
14
4
