208
215
210
211
170
12
13
13
103
121
104
105
101
101
101
101
103
11
101
7
11
9
15
11
6
93
77
173
102
118
33
33
4
4
5
0
6
46
46
66
9
71
9
97
9
9
9
92
14
14
6
0
0
86
71
89
89
89
49
59
24
84
84
9
79
79
76
89
14
9
89
89
92
92
69
85
84
76
65
78
79
91
77
92
88
104
106
56
36
117
57
13
85
75
108
13
5
3
140
125
135
100
100
100
10
10
10
179
140
135
135
135
135
75
75
75
0
65
130
156
75
171
75
145
140
113
140
150
131
94
144
119
7
7
124
170
75
75
126
147
155
170
116
9
3
3
4
4
9
9
4
4
13
3
4
0
5
3
52
5
2
12
8
12
2
2
2
5
0
0
6
12
11
0
0
35
75
75
0
6
0
50
5
5
75
140
6
6
0
22
6
6
16
6
7
7
40
75
75
92
20
5
7
7
0
0
0
0
16
16
0
0
11
10
7
7
2
2
2
2
2
2
2
4
7
1
11
7
6
1
2
2
2
2
2
4
4
2
2
4
2
9
4
7
3
3
5
100
100
100
5
5
0
0
0
0
0
0
0
0
0
0
0
0
0
0
0
0
0
0
0
0
0
0
0
0
0
0
0
0
0
0
0
0
0
0
0
0
0
0
0
0
0
0
0
0
0
0
0
0
0
0
5
0
0
0
0
0
0
0
0
0
0
0
0
0
0
0
0
0
0
0
0
0
0
0
0
0
0
0
0
0
0
0
0
0
0
0
0
0
0
0
0
0
0
0
0
0
0
0
0
0
0
0
0
0
0
0
0
0
0
0
0
0
0
0
17
0
0
0
0
0
0
0
0
0
0
0
0
0
0
0
0
0
0
0
0
0
0
0
0
0
0
0
0
0
0
0
0
0
0
0
0
0
0
0
0
0
0
0
0
0
0
0
0
5
0
0
163
0
0
0
0
0
0
0
0
0
0
0
0
0
0
0
0
0
0
0
0
0
0
0
0
0
0
0
0
0
0
0
0
0
0
0
0
0
0
0
0
0
0
0
0
0
0
0
0
0
0
0
0
0
0
0
0
0
0
0
0
0
0
0
0
0
0
0
0
0
0
0
0
0
0
0
0
0
0
0
0
0
0
0
0
0
0
0
0
0
0
0
0
0
0
0
0
0
0
0
0
0
0
0
0
0
0
0
5
0
0
0
0
0
0
0
0
0
0
0
0
0
0
0
0
0
0
0
0
0
0
0
0
0
0
0
0
0
0
0
0
0
0
0
0
0
0
0
0
0
0
0
0
0
0
0
0
0
0
0
0
0
0
0
0
0
0
0
0
0
0
0
0
0
0
0
0
0
0
0
0
0
0
0
0
0
0
0
0
0
0
0
0
0
0
0
0
0
0
0
0
0
0
0
0
0
0
0
0
0
0
0
0
0
0
0
0
0
0
0
0
0
0
0
0
0
0
0
0
0
0
0
0
0
0
0
0
0
0
0
0
0
0
0
0
0
0
0
0
0
0
0
0
0
0
0
0
0
0
0
0
0
0
0
0
0
0
0
0
0
0
0
0
0
0
0
0
0
0
0
0
0
0
0
0
0
0
0
0
0
0
0
0
0
0
0
0
0
0
0
0
0
0
0
0
0
0
0
0
0
0
0
0
0
0
0
0
0
0
0
0
0
0
0
0
0
0
0
0
0
0
0
0
0
0
0
0
0
0
0
0
0
0
0
0
0
0
30
35
32
36
38
30
147
135
135
135
27
2
6
6
6
7
6
7
7
1
7
2
2
2
2
2
2
8
16
2
2
8
9
9
4
10
8
4
4
7
89
89
89
89
89
89
89
89
100
14
5
53
51
56
56
134
144
103
0
5
12
0
0
0
0
0
0
0
0
0
0
0
0
0
0
0
0
0
0
0
0
0
0
0
0
0
0
0
0
0
0
0
0
0
0
0
0
0
0
0
0
0
0
0
0
0
51
164
158
128
118
50
146
2
0
0
0
0
0
0
0
0
0
0
0
0
0
0
0
0
0
0
0
0
0
0
0
0
0
0
0
0
0
0
0
0
0
0
0
0
0
0
0
0
0
0
0
0
0
0
0
0
2
2
9
0
0
0
0
0
0
0
0
0
0
0
4
0
0
0
0
0
0
0
0
0
0
0
0
0
0
0
0
0
0
0
0
9
4
4
0
0
0
0
0
0
10
4
0
0
0
0
0
0
0
0
0
0
0
0
0
5
5
0
0
0
0
0
0
0
0
0
0
0
0
0
0
0
0
0
0
0
0
0
0
0
0
0
9
0
0
0
0
0
0
0
0
0
0
0
0
0
0
0
0
0
0
0
0
0
0
0
0
0
0
0
0
0
0
0
0
0
0
0
3
3
0
0
0
0
0
0
0
0
0
0
0
0
0
0
0
0
5
15
169
5
