100
100
100
100
100
29
29
46
94
100
100
100
94
100
90
94
100
38
100
29
23
38
67
27
29
96
60
100
92
64
50
50
33
35
17
33
42
71
48
81
15
81
38
50
38
38
15
75
16
0
42
17
90
66
63
38
38
61
86
61
55
38
38
65
44
38
57
38
1
38
38
38
42
42
76
74
46
78
60
44
86
59
57
77
100
98
100
100
96
98
96
8
25
0
18
58
3
50
100
90
98
92
92
92
0
5
5
98
100
80
80
80
96
0
0
0
42
55
90
98
0
98
0
100
100
98
100
96
100
66
100
92
16
16
60
100
0
0
74
100
94
100
90
28
0
0
0
0
28
30
0
0
43
0
5
42
0
0
89
50
50
0
0
15
50
50
25
8
42
42
8
0
0
90
15
0
0
0
17
8
19
0
1
40
0
100
14
10
42
0
12
14
62
12
16
16
14
0
0
0
0
8
8
8
82
17
17
25
0
0
25
25
30
25
10
10
25
25
25
0
0
0
0
0
14
0
41
18
13
0
0
0
0
0
0
7
7
0
0
49
0
24
0
21
1
1
5
74
74
74
5
5
38
36
36
38
40
40
40
40
15
15
15
19
19
0
0
0
0
0
0
0
0
0
0
0
0
0
0
0
60
60
60
40
40
40
40
40
20
40
40
40
40
40
20
60
60
60
60
20
40
60
15
20
0
0
0
0
0
0
0
0
0
0
0
0
0
0
0
0
0
0
0
0
0
0
5
5
5
40
40
0
50
0
40
0
0
0
0
40
0
0
40
0
0
0
0
0
0
0
0
0
0
0
0
0
0
0
0
0
0
0
0
0
0
0
52
80
80
80
80
0
0
80
80
0
0
0
80
80
0
0
0
40
0
0
40
40
0
0
0
0
0
0
0
0
0
0
0
0
0
0
0
0
0
0
0
0
0
0
0
0
0
30
50
90
22
77
94
0
0
0
0
0
0
0
0
0
0
0
0
0
0
0
0
0
0
0
0
0
0
0
0
0
0
0
0
0
0
0
0
0
0
0
0
0
0
0
0
0
0
0
0
0
0
0
0
0
0
0
0
0
0
0
0
0
0
0
0
0
0
0
0
0
0
0
0
0
0
0
0
0
0
0
0
0
0
0
0
0
0
0
0
0
0
0
0
0
0
0
0
0
0
0
0
0
0
0
0
0
0
0
0
0
0
0
67
40
0
0
0
0
0
0
0
0
0
0
0
0
0
0
0
0
0
0
0
0
0
0
0
0
0
0
0
0
0
0
0
0
0
0
0
0
0
0
0
0
0
0
0
0
0
0
0
0
0
0
0
0
0
0
0
0
0
0
0
0
0
0
0
0
0
0
0
0
0
0
0
0
0
0
0
0
0
0
0
0
0
0
0
0
0
0
0
0
0
0
0
0
0
0
0
0
0
0
0
0
0
0
0
0
0
0
0
0
0
0
0
0
0
0
0
0
0
0
0
0
0
0
0
0
0
0
0
0
0
0
0
0
0
0
0
0
0
0
0
0
0
0
0
0
0
0
0
0
0
0
0
0
0
0
0
0
0
0
0
0
0
0
0
0
0
0
0
0
0
0
0
0
0
0
0
0
0
0
0
0
0
0
0
0
0
0
0
0
0
0
0
0
0
0
0
0
0
0
0
0
0
0
0
0
0
0
0
0
0
0
0
0
0
0
0
0
0
0
0
0
0
0
0
0
0
0
0
0
0
0
0
0
0
0
0
0
0
86
67
86
94
100
96
100
100
100
92
71
73
12
14
14
14
14
16
18
40
20
20
20
0
20
0
0
22
86
0
0
19
24
28
1
28
23
3
3
18
54
54
82
82
57
57
62
72
100
50
5
87
76
94
95
98
98
41
0
1
0
0
0
0
0
0
0
0
0
0
0
0
0
0
0
0
0
0
0
0
0
0
0
0
0
0
0
0
0
0
0
0
0
0
0
0
0
0
0
0
0
0
0
0
0
100
98
99
94
98
100
98
0
0
0
0
0
0
0
0
0
0
0
0
0
0
0
0
0
0
0
0
0
0
0
0
0
0
0
0
0
0
0
0
0
0
0
0
0
0
0
0
0
0
0
0
0
0
0
0
0
22
49
24
0
0
0
0
0
0
0
0
0
0
0
43
0
0
0
0
0
0
0
0
0
23
0
0
0
0
0
0
0
0
0
0
26
28
28
0
0
0
0
0
0
28
28
0
0
0
0
0
0
0
0
0
0
0
0
0
5
5
38
38
0
0
0
0
0
0
0
0
0
21
0
0
0
0
0
0
0
0
0
0
0
0
0
24
0
0
0
0
0
0
0
0
0
0
0
0
0
0
0
0
0
0
0
0
0
0
0
0
0
0
0
0
0
0
0
0
0
0
0
26
0
0
0
0
0
0
0
0
0
0
0
0
0
0
0
0
0
76
100
98
43
65
65
65
