100
100
100
100
100
55
55
47
88
90
100
90
84
84
84
84
98
49
98
35
49
39
75
53
30
88
55
92
88
86
72
72
13
17
22
0
24
68
70
51
24
76
24
70
24
24
24
45
52
33
28
1
0
88
60
62
62
60
60
54
54
35
60
35
39
60
52
60
37
12
37
37
62
62
46
46
41
48
57
64
56
56
52
47
94
90
94
94
96
92
96
26
43
18
34
26
23
0
98
98
98
98
98
98
19
23
23
98
98
98
98
98
98
0
0
0
0
48
98
98
0
98
0
98
98
98
98
98
98
86
98
86
34
34
84
98
0
0
98
98
98
98
78
44
0
0
10
10
44
44
0
0
59
16
21
0
23
12
61
0
9
0
10
37
9
9
9
24
0
0
24
14
0
0
0
0
0
0
0
24
0
0
23
0
0
98
28
26
0
0
28
28
78
28
30
30
38
0
0
0
0
30
32
32
5
0
0
0
8
14
5
5
54
49
34
34
9
9
9
9
9
9
9
19
30
3
55
32
27
5
7
7
7
7
9
21
21
9
9
11
9
40
2
35
15
15
21
98
98
98
21
21
0
0
0
0
0
0
0
0
0
0
0
0
0
0
0
0
0
0
0
0
0
0
0
0
0
0
0
0
70
70
70
50
50
50
50
50
30
50
50
50
50
50
30
70
70
70
70
30
50
70
25
30
0
0
0
0
0
0
0
0
0
0
0
0
0
0
0
0
0
0
0
0
5
0
15
15
15
50
50
0
60
0
50
0
0
0
0
50
0
0
50
0
0
0
0
0
0
0
0
0
0
0
0
0
0
0
0
0
0
0
0
0
0
0
59
90
90
90
90
0
0
90
90
0
0
0
90
90
0
0
0
50
0
0
50
50
0
0
0
0
0
0
0
0
0
0
0
0
0
0
0
0
0
0
0
0
0
0
0
0
0
40
60
100
30
60
100
0
0
0
0
0
0
0
0
0
0
0
0
0
0
0
0
0
0
0
0
0
0
0
0
0
0
0
0
0
0
0
0
0
0
0
0
0
0
0
0
0
0
0
0
0
0
0
0
0
0
0
0
0
0
0
0
0
0
0
0
0
0
0
0
0
0
0
0
0
0
0
0
0
0
0
0
0
0
0
0
0
0
0
0
0
0
0
0
0
0
0
0
0
0
0
0
0
0
0
0
0
0
0
0
0
0
0
75
50
0
0
0
0
0
0
0
0
0
0
0
0
0
0
0
0
0
0
0
0
0
0
0
0
0
0
0
0
0
0
0
0
0
0
0
0
0
0
0
0
0
0
0
0
0
0
0
0
0
0
0
0
0
0
0
0
0
0
0
0
0
0
0
0
0
0
0
0
0
0
0
0
0
0
0
0
0
0
0
0
0
0
0
0
0
0
0
0
0
0
0
0
0
0
0
0
0
0
0
0
0
0
0
0
0
0
0
0
0
0
0
0
0
0
0
0
0
0
0
0
0
0
0
0
0
0
0
0
0
0
0
0
0
0
0
0
0
0
0
0
0
0
0
0
0
0
0
0
0
0
0
0
0
0
0
0
0
0
0
0
0
0
0
0
0
0
0
0
0
0
0
0
0
0
0
0
0
0
0
0
0
0
0
0
0
0
0
0
0
0
0
0
0
0
0
0
0
0
0
0
0
0
0
0
0
0
0
0
0
0
0
0
0
0
0
0
0
0
0
0
0
0
0
0
0
0
0
0
0
0
0
0
0
0
0
0
0
100
71
90
98
90
92
94
100
100
100
55
55
28
30
30
30
30
32
32
7
34
9
9
9
9
9
9
38
80
11
11
35
40
44
17
44
39
19
19
34
76
76
62
62
62
62
67
67
100
66
21
84
100
94
94
98
98
65
0
23
26
0
0
0
0
0
0
0
0
0
0
0
0
0
0
0
0
0
0
0
0
0
0
0
0
0
0
0
0
0
0
0
0
0
0
0
0
0
0
0
0
0
0
0
0
0
98
100
94
100
96
100
98
11
0
0
0
0
0
0
0
0
0
0
0
0
0
0
0
0
0
0
0
0
0
0
0
0
0
0
0
0
0
0
0
0
0
0
0
0
0
0
0
0
0
0
0
0
0
0
0
0
11
11
40
0
0
0
0
0
0
0
0
0
0
0
19
0
0
0
0
0
0
0
0
0
0
0
0
0
0
0
0
0
0
0
0
42
17
17
0
0
0
0
0
0
44
19
0
0
0
0
0
0
0
0
0
0
0
0
0
21
21
0
0
0
0
0
0
0
0
0
0
0
0
0
0
0
0
0
0
0
0
0
0
0
0
0
40
0
0
0
0
0
0
0
0
0
0
0
0
0
0
0
0
0
0
0
0
0
0
0
0
0
0
0
0
0
0
0
0
0
0
0
15
15
0
0
0
0
0
0
0
0
0
0
0
0
0
0
0
0
21
75
100
25
